amplitude
-3.320558597734070422e-05
1.687797308604091848e-05
-1.063821698531913659e-04
7.976920211560206123e-05
-1.179238972889678203e-04
1.347620637024349641e-05
2.971954204973693156e-05
-1.638821004891942640e-04
2.131222161224471652e-04
-2.911696128523594946e-04
2.349235143749910603e-04
-1.335988928041876396e-04
-1.087236661279343699e-04
3.415110623810439241e-04
-6.557859259685965957e-04
8.176845941278811699e-04
-7.918604397894793813e-04
4.532240199287280026e-04
1.409804113283142865e-04
-1.007258544379042520e-03
1.834286773688375595e-03
-2.414693875564356568e-03
2.357588394848176162e-03
-1.546570693360398326e-03
-4.536985257661901660e-05
2.101797503934929243e-03
-4.753486626301192675e-03
7.086547668563436715e-03
-8.525640025274878672e-03
8.488656422280839442e-03
-5.573391047494782001e-03
-1.325339881349355074e-03
6.007448318685994215e-02
-2.480737447049081654e-02
-1.644444007719082085e-02
-2.828642337180486792e-03
-5.687375080506877623e-02
7.899135018004866532e-03
-8.975312769498077555e-05
4.525602333256383523e-03
1.740004519193769777e-02
-8.675533481144869635e-03
4.805768042511438139e-03
3.586978885351030984e-03
1.209766044248536052e-02
4.671165827656122149e-03
-2.808015411022285728e-03
4.515830655636958978e-03
-1.432493754929669736e-03
7.050507535431637524e-03
-2.107631582349172791e-03
9.606265843377819955e-03
2.934544535369422100e-02
-1.618500367889259481e-02
-2.330304641967495538e-02
4.691537152420939983e-04
-1.032058596767181785e-02
-1.356843836903312041e-02
-2.494825037564705247e-03
1.992709459497964825e-02
1.397530353134885869e-02
-1.796517890163975076e-02
-1.564508799220574314e-02
2.061036820003387272e-03
-1.394649599608810550e-04
3.895756832592429247e-03
9.646572394759356239e-03
7.043392945738740675e-03
1.578668429876423432e-02
-1.721271166590956653e-03
-8.523273278254943006e-03
6.681612023109677334e-03
6.343195716294787630e-03
6.086159029783099438e-03
-1.149877493034916383e-02
-5.493946732753530147e-03
3.923063017572308263e-03
-3.146612620996473448e-03
3.345442801544627667e-03
-3.360002047953666166e-03
1.237145426967637503e-03
-2.047363131394848955e-03
-6.499704178975957564e-03
7.059804195976831370e-04
-8.975509226964271600e-03
-9.908830393815251658e-03
-8.747279168950945413e-03
-3.942424845566643542e-03
2.241587650708693705e-03
-1.626609188465145831e-03
-2.731613961783481773e-03
1.075512612634336746e-03
7.851356441711592957e-03
2.004721319046349343e-03
-5.951764228845105205e-03
-2.183570389237943655e-03
-6.473738156680693308e-03
-4.982912953213679795e-03
7.552781015559176074e-03
3.852537459964778567e-03
3.983650189465175358e-03
5.893651567944723120e-03
2.807460106969968811e-03
5.663724680430883701e-03
6.736536070632441519e-04
-1.602354055310021598e-03
2.046274173964169295e-03
7.262300757041575440e-03
-1.169442760923958963e-03
-1.376583467203127721e-02
-4.373246975940403157e-04
1.033842122005202563e-02
4.465683373349242820e-03
1.758710873062796672e-03
9.151317563443070804e-03
9.785016970741276104e-03
2.584439611132799755e-03
7.480755598424793616e-03
3.206864483121183058e-03
-5.636309740619191780e-03
3.261260167554850837e-03
7.236179933214632008e-03
2.884245685740995796e-03
-6.157625576805454866e-03
-2.727496943933890947e-03
6.667888778740847268e-03
-7.204739002025524648e-03
-5.254915771181668631e-03
-1.325675128768581202e-03
-1.799897992546216005e-02
-1.547058245502788525e-02
-5.593789394030562571e-03
5.868445239174874262e-03
3.466307152244277150e-03
-1.177408354237979848e-02
-4.002217207629813270e-03
2.061854609237633983e-03
3.350659143738614083e-03
7.777068203034162228e-03
9.545090671164284954e-04
-6.691868390119024013e-03
-9.645348361402539608e-03
-2.224843347300497175e-03
2.870354181201338964e-03
-4.222840013932195949e-03
-2.143047281181332912e-04
5.154954219668379627e-03
3.340490193210573187e-03
1.998606972781742305e-03
-3.382031442138311176e-04
3.573634123493299800e-03
-2.484159145901866650e-04
-3.670340063848636682e-03
2.436704256243631822e-03
-2.259134451152433002e-03
1.555477910753568904e-03
8.367014325795557941e-03
5.221642894079610124e-03
3.493877064461064792e-03
-4.013851198085455728e-03
-7.846278527502735869e-04
2.664453779081504825e-03
-5.375125127846251509e-03
-6.202285826272299803e-03
1.237566849192556608e-03
8.967597822790147541e-03
2.379340101483922582e-03
-1.075527613160983742e-03
-3.640897969291732525e-03
4.809557254970571460e-03
1.667381683732544959e-02
-1.438165025117620413e-02
-1.725305469158258664e-02
7.156584823953528358e-03
6.761493983141223310e-03
3.343103213679598368e-03
-3.667660192736503077e-03
-6.459934064517815211e-03
-8.393590018463801053e-03
-1.297359065861134354e-04
1.098549669342622657e-03
4.007202575386972949e-03
6.606541516840092922e-03
-5.627439467701719072e-03
8.998464823003407900e-03
6.231300972547593187e-03
6.223652645599726980e-03
1.406458314322643968e-02
-9.503796577558239200e-03
-4.124183240108309119e-03
-2.094845114185942079e-03
-1.807252409559795617e-02
6.613705966446088193e-04
9.853125871212621047e-04
-4.506333964164654753e-03
1.219303895187637612e-02
-5.991414172263855552e-03
-5.645377290377721034e-03
5.003023085461106613e-03
-6.342709241992173889e-03
5.415795101263036308e-03
4.938931434589772726e-03
1.729095514845098566e-03
-5.540266872450037416e-04
-6.539493119052356904e-03
2.032480872341521205e-03
3.288341460277351136e-03
5.642014545292989465e-03
5.601785659106366458e-03
4.861165825539440384e-03
6.135129793566088292e-03
-1.249343869476384752e-03
-9.956307236092582294e-03
-1.269934577671901973e-02
-1.890297905848201121e-03
2.437074574197160750e-03
-4.662752009989360076e-03
-5.146629517001561141e-03
-8.322538597706386973e-03
-1.033663102608656584e-02
-1.622174306519117261e-03
5.049295835152916093e-03
3.048064565184188581e-03
-1.781983517002350224e-03
9.523316532381030346e-06
1.400680559026891035e-03
-3.232907912855946357e-03
-1.691779712013733806e-03
7.374663320921256635e-03
1.477930446229769497e-02
-4.483058164001886342e-04
-1.060096876680389696e-02
8.489499526155479606e-03
4.040348852921955315e-03
-4.782788214934572367e-03
2.910754734744452118e-03
6.451188448125120406e-03
3.843347356395986070e-03
-5.388933428448926775e-03
3.998473622532035254e-03
6.420557981341141508e-03
1.849019399531711457e-03
9.998237023873195184e-03
7.811354131323275775e-04
-4.350792148289896882e-03
-1.081127076292765594e-03
-6.134138709961737754e-03
-4.358853645817191598e-03
1.023182382003419975e-04
2.018010959451943878e-03
-5.555575959152483066e-05
-4.558102999792085566e-03
-6.239647377965827114e-03
-4.135644315220838967e-03
4.958052794742741354e-03
1.513774570860630534e-03
-5.667815039792194372e-03
4.256412570673848671e-03
-1.400954996874438727e-03
-8.469881425063661637e-03
6.723988498743544264e-04
-1.167213782485098343e-04
-2.317362191879556192e-04
-1.619332535778968520e-03
1.302924507147666536e-03
4.550727592972742160e-03
-1.682088581671062648e-03
6.981064820540005232e-03
-1.023830080880025429e-03
-1.173416479031047163e-02
4.936407070128675731e-03
1.521381343401577392e-03
-2.927257064701900471e-03
3.744970871415040630e-03
1.200142120640036334e-03
2.298183388823174262e-03
-1.382844553086099316e-03
8.214514849159997760e-04
-7.712594863230040534e-04
-5.718798256855544410e-03
2.168988326293095140e-03
-3.762304052108051983e-03
5.384562221825515277e-03
1.118961662191882492e-02
-4.517925075642261444e-03
2.273812123162873185e-03
2.041467924992007837e-03
-2.929620858563938227e-03
-1.603987500601616444e-03
-3.141494552858427759e-03
1.611435433773607132e-03
6.442456537721272507e-04
5.373984168064512446e-04
5.485654378936004934e-04
-8.127069310406296807e-03
-3.624356789447137888e-03
7.466626669444788311e-03
2.714581085832802002e-04
-6.872682968535189733e-04
4.211806732682042871e-03
-1.310145756936683227e-03
2.809987080205638907e-03
4.056164852300927007e-03
6.895657533988142030e-04
3.753235094944846421e-03
1.285885674710207259e-03
-4.229234168685627217e-03
-3.651068100429831920e-03
-1.783126646581042292e-03
-5.805236642556097816e-03
1.047840805011910400e-03
8.088459633757594247e-03
-2.035401328733863098e-03
-2.396593667273132396e-03
7.568914309741090352e-04
-1.041577915070454781e-02
-8.628049781016874920e-03
4.679765081318593145e-03
4.196034419543638941e-03
-2.114590228454465374e-03
-5.250277514504860833e-03
2.742604716835443050e-03
4.660261298549246700e-03
-3.411006734471911522e-03
1.929925162403148741e-03
1.172189553393817663e-03
-2.025105995564704595e-03
5.082529731119761647e-03
2.711125305517616407e-03
-9.428561234638931348e-04
1.278780338562211663e-03
-3.742720271766889536e-03
-3.034711003584559565e-03
1.427719887000695803e-03
-1.256419196897426037e-03
2.113718008759579107e-03
2.800546764254049480e-03
-4.960675566744622914e-03
-2.613596468354239654e-03
3.801938068322287430e-03
5.039916694997819031e-03
3.517486204845919097e-03
-1.855178130949458387e-03
-4.578191825259601659e-03
-3.448723363969557944e-03
3.916799936099577407e-04
5.596580155468786587e-04
1.325454556786000767e-03
1.084350326312138318e-03
-8.448793290587876910e-04
7.529050658504518297e-04
-2.032002269016978165e-03
1.420837432758857710e-03
5.287062198540475218e-03
-1.809500895071804562e-03
-3.528522199311526567e-03
5.476386042466592496e-03
-4.500471314101437488e-04
-4.553544279375691499e-03
9.008342753811347456e-03
4.294106129413045175e-03
-5.366933644194752176e-03
-5.100419291957092316e-03
-4.208893803464544905e-03
-6.886203568792918610e-03
-3.840603642449697496e-05
9.764624588240979758e-03
3.553047665261329247e-03
7.728054702345278117e-03
8.130999079545026681e-03
-1.863549367211780666e-03
-4.819075065719587029e-04
8.081698412365281034e-04
-1.666960373097483672e-04
-4.511539628345647389e-03
-5.923221796641337314e-03
4.937807712198871929e-04
4.792452732469269262e-03
3.338084181033876101e-03
-3.444702809026795758e-04
3.770015123511740915e-04
-3.992623117619381948e-03
-9.004661695759258108e-03
-1.272083823032247631e-03
3.210904198710168213e-03
4.492940841131218450e-03
1.118649291781640559e-04
-8.372143982080625449e-03
-1.719583318429012764e-03
1.868876108704489855e-03
1.678241401578511567e-03
-6.044444262103313391e-04
-2.542909105005063987e-03
9.757573732212688339e-04
-5.252949264882649481e-03
-6.955561561267502822e-03
-4.804423906753586652e-03
-2.200324081960694771e-03
9.384474909564818716e-04
1.466940739901794637e-04
6.494196066711110634e-04
-4.484652871149825829e-05
-1.236088987525836048e-03
2.246546531133441355e-03
3.648384718555905924e-03
-2.055253542959655476e-03
6.267248332379317215e-04
2.571219137266776526e-03
4.600389720071987039e-04
5.777553122268616614e-03
5.995483643797572780e-03
2.059177512629257762e-03
-5.420729876538681914e-04
-1.970539949098935179e-03
3.621578000090604037e-03
5.967172901192525740e-03
-3.358052008672424366e-04
-4.051038879193231967e-03
-3.142172737320246025e-03
-3.332516201002811394e-04
-3.403093600468574107e-04
-1.155870495629297834e-03
3.905623500996604765e-04
2.866821820796376478e-03
4.902224276607898210e-03
-1.789012874072170526e-03
-6.856255516193227387e-03
-6.867689670759991776e-04
-1.393626976797408606e-03
-3.658803360518815724e-03
-1.924697879228976687e-03
-4.031881073049588260e-03
-2.279665747869317853e-03
-9.320016437084415947e-04
1.838374536348877028e-03
3.528958739579920751e-03
-1.402292660389788071e-03
2.466853964342197430e-03
4.238494112614027247e-03
3.866578774128056543e-04
4.489753902643302090e-03
4.054740751149896009e-03
1.001424983896358591e-03
4.301504427901351769e-03
6.951950915237978430e-03
2.713641958154904520e-03
-2.221263977186221494e-03
-6.436862442096313343e-04
-3.902043143483361481e-03
-4.299525955708584542e-03
3.233353315773214009e-03
3.868804695513301025e-03
-1.735474259902387460e-03
-7.005023324931534782e-03
-3.211122126175493512e-03
-2.880117574395581626e-03
-5.129260766190452299e-03
1.954369819593416210e-03
1.926849840284146093e-03
-1.139933759478651935e-03
-2.323430411538326447e-03
-2.473205134616469902e-03
-2.427872244345394531e-04
1.325492028451890963e-03
1.436037466218565740e-03
7.161029745356735224e-05
1.014982619097183668e-03
-6.413533779672567735e-04
7.935185180996740580e-04
3.158333801143204875e-03
-6.956013450045056600e-04
4.225407915789816194e-04
9.774933166392162174e-04
-1.745311929119461097e-03
-3.099085357901977273e-03
-1.232649569893663234e-03
9.311570195739945002e-04
-3.140459540755108619e-03
-3.228784426971114015e-03
-1.305926699843208997e-03
-1.347041368644783313e-03
2.308552181995431919e-03
4.531600788450109232e-03
4.592257946991558717e-03
3.093534530912323867e-03
9.526765997737479848e-04
-6.284064195737003550e-05
-8.467983149257548052e-04
8.092936395516301794e-04
2.308157140623246146e-05
-1.818286029523065971e-03
-1.590014774914387703e-03
-5.631171504830407648e-04
1.740748864971069674e-03
-2.286404844390564541e-03
-3.454895906939704688e-03
1.065952686914772678e-03
5.464317618986540845e-04
1.027132241752439510e-03
-1.722824349877632045e-03
-4.051460767362562165e-03
3.656428606151877151e-03
1.020309221795168446e-03
-4.261711109432055923e-03
2.789825008449705896e-03
9.010453148121040689e-04
1.086215436494378152e-03
4.430833202335607811e-03
-1.894053865913295637e-03
1.561834544210032190e-04
1.786237416408981496e-03
-4.896979600317965566e-03
-2.570974147404489832e-03
6.803926406135619130e-04
-1.236820840362929655e-03
1.002935801193153859e-03
2.996671271929047219e-03
-2.848359337748928503e-04
-2.669952877153375717e-03
3.841455440230775575e-03
1.164277931891768850e-04
-6.007945351263942191e-03
6.507737357923887994e-03
5.121205967952270621e-03
-1.317018376908053040e-05
7.317985974586322176e-03
-2.143919568667745478e-03
-3.981449771595237976e-03
1.224131408476843760e-03
-4.666805704464233040e-03
1.725623284855369404e-04
1.388008454713879868e-03
1.321088371992451375e-03
1.732077715546058438e-03
-5.652552132645086679e-03
-4.239604977628655229e-03
-4.338850353619052441e-03
-1.629269973985314306e-03
1.957585008917914985e-03
-9.442236392177206410e-04
3.848517031730777378e-03
6.844715884678084176e-04
2.054593837845042001e-03
4.330951179782828800e-03
-5.269413136819715848e-03
-1.681347363121345629e-03
-1.625320788266493939e-03
-6.181395779493983802e-04
4.868886599707730745e-03
2.374099601493593389e-03
2.564852424468316676e-03
-7.228820886190935038e-04
-1.618154627272629141e-03
-2.104366337351419678e-03
-5.132501770216049176e-03
-5.661706635982328506e-04
2.849359773215522952e-03
1.759197764017022929e-03
7.918546751027065239e-04
-6.199033493903984395e-04
2.119401036642116782e-03
3.371933487718722314e-03
-1.538512533672322660e-04
1.146556193574733897e-03
-1.145500658360185412e-03
-5.152535088128758385e-03
-1.694784115015347684e-03
1.171995157276417262e-03
2.761036407138067316e-03
3.857209519728214790e-03
-1.931799524273786813e-03
-6.946304039495567774e-03
-1.928157598070643578e-03
1.036128036323258512e-03
-5.037172490627433996e-04
9.575729834018099212e-04
-2.302352728556780141e-03
-4.008279874977697076e-03
2.640060583726787889e-03
1.745802247052168944e-03
-1.815815140360782379e-03
-2.475578085546285530e-04
-3.110569028317850763e-03
4.745029363124751622e-04
7.723599060633415218e-03
6.524597761560205558e-03
1.609187814783292797e-04
-6.013638516550268674e-03
-5.410456096337319318e-04
1.590500748693371089e-03
3.379304233198695672e-04
1.556381328235744918e-03
-1.334710008438540901e-03
1.293015710016406569e-03
6.260549693677621872e-04
-5.308884414916184135e-04
8.360156932767213609e-04
-8.463663751712501666e-04
1.400936354231697989e-03
5.954807767646625848e-04
-9.358185817197459859e-04
-4.092498354115547781e-05
-9.209493416273914704e-06
8.389116593807975945e-04
2.272696551767464015e-03
1.776088450333782303e-04
-3.538933250510933794e-03
-9.155318400026248851e-04
-9.758199426605039658e-04
-8.300741274390527813e-04
2.617800175422717573e-03
1.766944276243998272e-03
-1.028874307259706328e-03
-5.333085804968717980e-03
-2.358627938563156740e-03
2.376390437825036134e-03
2.491483407589566764e-04
2.748211753970323645e-03
1.762154408895075719e-03
-1.449957695193922593e-03
1.181693031878593668e-03
-2.401240398895593004e-03
-3.601758298292531343e-03
-2.206984913116750123e-03
-6.301309413885546225e-03
1.212483024747980668e-03
6.135752418377567359e-03
-1.393882888181620415e-04
2.011257189046889056e-03
9.825574411956943498e-04
3.895701731923296714e-04
3.509959818184943837e-03
-1.783304301016912013e-03
-3.563893227477611669e-03
-2.576005607383315653e-03
4.410266107649565294e-04
5.393099262063533357e-03
2.150234460313074983e-03
-7.518231283574722388e-06
3.319969040066527224e-05
9.331055940319290523e-04
6.487319090345449509e-04
-4.067519012360047356e-03
-1.474632250143895857e-03
1.375847666080174878e-03
-2.570897084461626868e-03
-2.105562192433915649e-03
-5.177940016474059763e-04
2.404472424643710061e-04
1.918047062695129451e-03
-2.230118765875802132e-03
-1.152093415905079557e-03
1.345422414809870353e-04
-2.309867453092986911e-03
5.539419908242138903e-03
3.347050818542118486e-03
-2.622735396543782356e-03
4.548793651169900747e-03
1.899206106862517821e-03
-3.211316614841581377e-03
1.471585761670592292e-04
-7.901067777140829669e-04
-1.075394989933843581e-03
1.491822678162676042e-03
1.573532059158742240e-03
2.231865477411876068e-03
1.522732660159641527e-03
-2.341121531102052355e-03
-1.545366832330799826e-03
4.311552555089443665e-04
-1.769526330360309202e-03
-1.544826498476397541e-03
-4.407155750929609892e-04
1.547697911401031473e-03
1.247599058672064880e-03
-2.007774700561562251e-03
1.242780115864626674e-03
1.870392215335394282e-03
-1.843158889084095531e-03
-1.623355857465018847e-03
-1.462626096950777992e-03
1.033296595027327278e-03
-9.446998095237218356e-04
-3.758854270699615342e-03
3.438887068795214272e-04
-1.103142756875255277e-03
1.554489248836149321e-04
3.604449084755847760e-03
8.225996805393783254e-05
-1.525949438968208973e-03
-1.022202302708554887e-03
1.083680547412965711e-03
2.010176558719578219e-03
-9.250369418154229164e-04
1.517331816970351631e-03
2.235720956260870036e-03
-1.380446646631052973e-03
-6.300312844427069904e-04
2.028527398647135722e-03
1.439896425911403122e-03
-2.076085874993303590e-03
-2.317037008645655028e-03
-2.058973174026225688e-03
-2.167982755837653906e-03
-8.430815618702173727e-05
3.113072197629758193e-03
2.714802034542828767e-03
3.094162891922874335e-04
2.469109908097611469e-04
1.047953527088836458e-03
7.019167591500459057e-04
-7.720973916625437777e-04
2.280140392809291549e-03
1.925796213836512751e-03
2.132338970944993358e-03
1.924147598542001302e-03
-3.019247830422806984e-03
1.384790834247672572e-03
3.046533586442509061e-04
-1.858232801010059956e-03
1.242952622073961863e-03
-2.640160954409196108e-03
-2.924019762300416724e-03
-1.175078083520533778e-03
-2.383311182892397344e-03
-3.268427714354156955e-03
-1.478226086458466924e-03
2.862849277339249866e-04
-1.428258780602119360e-03
-6.383017737408134174e-05
1.881107501708901338e-03
-1.616479267398118714e-03
-1.872539479121575038e-04
1.793663618729501906e-03
-1.800369496905813603e-03
-5.983981583821422392e-04
7.614856209399443375e-06
1.826512123547497615e-04
1.043538626042340035e-03
1.030511506071800880e-04
9.978232473484235400e-04
2.641886134153860737e-03
1.542351822986746208e-03
9.109586366514599732e-04
2.227588932311310149e-03
-3.109139278304805872e-04
3.640849799323622846e-04
7.008754528019700732e-04
-9.626091397169011469e-04
-1.345392988821288518e-04
-1.508008659097852169e-03
-2.526646418357860521e-03
-2.398815996855158204e-03
-1.416825769311692287e-03
6.198198791931285338e-04
1.007449792129542403e-03
9.669714469795181316e-04
2.338739833892970570e-03
-1.544469803336339373e-05
-1.705848717731655619e-03
-7.912360914051815583e-04
-1.998482411708350347e-03
-2.663688366991310164e-03
7.897395658303838720e-04
3.709585908423129741e-03
2.711974300960751680e-05
-1.309311366350402774e-03
-2.206743134644998218e-04
9.176830206302352341e-04
3.541340488435023356e-03
1.595023358386525418e-03
7.872487122764208365e-04
9.697174287671508387e-04
1.231987673508378334e-03
1.346524178391170527e-03
-2.866111760944543233e-03
3.123414728644030667e-05
2.725107998967174656e-03
-1.702166828105116997e-03
-1.397426831404747138e-03
1.964244820054571964e-03
8.429504122430157365e-04
4.068279926366642849e-04
3.835048288737300751e-03
-7.798612852745887480e-04
-6.896069979492537756e-04
3.727749804027786877e-03
-1.916713794173109447e-03
-1.670255557353133528e-03
-3.298134246782989318e-03
-7.509815799380300215e-03
-3.833179909594822132e-03
-2.062251170731179382e-03
-9.577027359910236055e-04
1.352093926197797885e-03
3.338023420339541678e-03
1.295064278738420650e-03
-1.496297190775759938e-03
-6.204623787119818148e-04
-1.103443529870077027e-03
1.375110926550988195e-03
3.538060871332982318e-03
2.282567621409443970e-03
1.297693318505804133e-03
-1.716205676173875733e-03
-1.286100010684710585e-03
-4.468769921228376283e-04
-2.967815953760492842e-03
1.066919781493312711e-03
2.582148250048767971e-03
-2.201568918779430242e-03
-1.613405410623307756e-03
3.225821698305432060e-04
3.905032291299698785e-04
-8.121734099428571036e-05
6.522224463947652725e-04
-1.693087445583553582e-04
-4.511328165962735955e-03
-2.253583703263369389e-03
3.247761474624895860e-03
1.557104572191093895e-03
8.304406548955497883e-04
2.147223993628198137e-03
-2.601115027472867779e-05
-1.038800285941698259e-04
6.684217803217842825e-04
2.234414118931986163e-04
1.493446928746103731e-03
-1.317779955962926591e-04
-2.401527898171657363e-03
8.369637595906511502e-04
1.008507954524214077e-03
-3.734332063608039338e-04
7.726193373042223645e-05
5.679887654888328950e-05
1.217162990596340347e-03
9.297364865681115569e-04
1.269291858602495174e-03
-5.220044817067694826e-04
-2.955246905579667592e-03
-8.571653605511646724e-04
-1.492928880698878111e-03
-6.777354140202717899e-04
2.340806955030108778e-03
1.413345686493588417e-03
-3.472577448294878670e-04
-1.166348142417951992e-03
6.936092036716302129e-04
1.116588271763659492e-03
-4.728422608446420663e-04
-4.297266578823782522e-04
5.112185698178909211e-04
3.987966354894533589e-04
-1.064835402099808181e-03
5.769551891499797311e-04
1.643369037161150506e-04
-3.015020156279757130e-03
-7.959228961740702967e-04
1.576089887160767944e-03
1.757965755838112156e-03
1.956558179970240702e-03
2.813087722047235943e-03
2.159745990724499208e-03
2.956466256515897758e-04
1.617468346465796751e-03
1.944398839646748573e-03
9.256484176523001935e-05
-9.700846886463168010e-04
-8.405692566694925125e-04
-2.134037228025878214e-03
-3.444864650642699613e-03
-3.760494837388978981e-03
-2.832036241980616549e-03
1.927269233557726011e-03
-1.315376307498245445e-03
-3.328989822625152105e-03
1.745032300143771692e-03
-2.648350094111603329e-03
-2.696443495442228232e-03
-1.160706245816337618e-03
-2.533018571680849089e-03
2.223874915841004413e-03
2.946420509664336284e-03
2.213888187817774581e-03
5.774427394214847126e-04
-1.024907465769365816e-03
-2.122227448699352109e-04
-4.229467989611957585e-04
4.249802933542402459e-04
4.323140219220042863e-05
-3.939710874594999418e-04
4.234726054713014464e-04
2.524474927958161776e-03
2.640923098706214958e-03
-5.017703032161366762e-04
-1.852007137957142153e-03
1.126363441699790089e-05
1.265029287740076971e-03
-1.150304641847902515e-03
-1.063413203506468653e-03
-2.032429123195410021e-04
1.612265320264027416e-03
3.175229829624745103e-03
4.422638634615374902e-04
1.251775601995961003e-03
1.049462905880317945e-03
-3.020329075415392446e-04
1.281596272908882206e-03
-1.483086707318541624e-03
-3.783210175353335109e-03
-9.545567529034939581e-04
1.021763959169584655e-03
-1.304983302361208619e-04
-2.627541783022980821e-04
8.142743415235198902e-04
-1.728817020115103653e-04
-1.278566174999722690e-03
-5.595289749662570337e-04
1.249112672996083751e-04
2.777809420650747532e-04
2.190554225736491368e-05
-4.975371783053018828e-04
5.687217726266238175e-04
-5.998928510785569762e-05
1.217810864098410172e-03
2.916086665361097407e-03
1.015397559478195674e-03
1.122740028032736398e-03
4.743655511671228631e-05
5.142027636593743102e-05
3.971821443674076156e-04
-1.110827961866297326e-03
8.411327817652691340e-04
-2.255116026416221684e-04
-9.344012925814748497e-04
1.723511830898139625e-03
-2.071460228238750610e-03
-3.279898818905357862e-03
7.661567666825513088e-05
-1.214741331877436424e-03
-1.236249550896364796e-03
-5.079406850416783503e-04
-1.452937372725492029e-03
6.945387622868491725e-04
5.082645278981554439e-04
-1.655552722309630532e-03
2.700778097553975239e-04
-1.376696386150089504e-04
1.293463833139155226e-03
1.126561024892969512e-03
-4.446993583543916093e-03
-4.813915866668238034e-04
1.303054298434125824e-03
-2.991743191650889436e-03
-7.841774508858703578e-04
8.400986245693501829e-04
9.493856867439030281e-04
4.029951609506172462e-03
3.616233999971637126e-03
1.316370985233006427e-04
-1.218698254980030653e-04
-9.822593581446281870e-04
-4.013372083394916917e-04
2.109184880402796732e-04
-5.626470493001877338e-04
1.118083138328134288e-03
-7.780224722090190240e-04
-4.117623885349351608e-04
1.490197589076652004e-03
9.086053494249621016e-04
9.665018797759226130e-04
-1.118353797763880879e-03
-4.528445629821734562e-04
-5.068072105076281081e-04
-1.773089509646722439e-03
-1.394511754786739374e-03
-6.427263629645019183e-04
-4.462834584693979806e-05
-7.495829710341633898e-04
1.483896325515795915e-03
2.202081781808549587e-03
-1.505460774303886331e-03
-1.371580583802823857e-03
2.535239965299975265e-03
1.033149004117898213e-03
-4.893526692225326144e-04
9.915439525938962370e-04
1.424045273849337355e-05
7.155029117273492111e-05
-1.081726223920599595e-03
1.285859849951674887e-03
3.378630226552449631e-03
9.084016232467177494e-05
-6.727465122257854412e-04
-3.650822779816050023e-03
-2.305811819876116275e-03
8.577567535446633997e-04
-7.821556863456226782e-04
2.846605639950090089e-04
-7.691691351433211157e-04
-1.113119945404273618e-03
-1.706621473786298080e-04
2.064421031994184957e-03
3.244677904010949496e-03
-1.440402621894610973e-04
-5.993479830707173529e-04
-1.810521713801734565e-03
-4.730621012974288377e-04
5.640981082912141769e-04
-7.848660363966060557e-04
1.173914542122879651e-03
1.007979564179533596e-03
2.406630371941564667e-03
1.442410781385139625e-03
-2.519526075379612939e-03
-1.913320483643659014e-03
-7.104331849331126667e-04
2.024456876397708526e-04
-1.312705957126521650e-03
-2.398398893535041900e-03
1.683832630485814288e-04
-6.473213907991529851e-05
-5.262036497811652244e-04
4.863594547198834476e-04
-4.479916070472604551e-04
-6.843932115845821488e-04
-3.005913144116834383e-04
1.196042412624645198e-03
1.341340225899752357e-03
-5.371165513670126193e-04
1.042584923940785037e-03
4.342454349037921653e-04
-9.144458787908308533e-04
-8.173804806406591468e-04
-5.741749762387805649e-04
1.722764838408912935e-03
-3.258013488394674101e-05
1.637447139554627123e-04
1.923404919158166549e-03
1.031049361861237183e-03
7.576194069246625432e-04
-9.955039106924583065e-04
7.491039753031883495e-04
-2.123758798823949701e-04
-1.588436422177127169e-03
1.886912033657680079e-03
1.076278912384162753e-03
7.858658071690188644e-04
-3.932111953770458948e-04
-5.912785601561915995e-04
2.807247767276626910e-03
-1.023548195486003896e-03
-2.589315028128110537e-03
-1.669922975980075126e-05
-2.408895445813913436e-03
-1.318132143558686711e-03
-1.073831110285620831e-03
-2.473457123097074720e-03
-4.295139443434679719e-04
-4.758005102787788852e-04
8.991035010774532394e-04
2.047207233608809053e-03
1.992573460605343071e-04
-6.054795316570710370e-04
5.519696265173814047e-04
4.095492866118766390e-05
-1.156838561924554290e-03
1.638968040676630229e-03
1.092374670348140401e-03
-2.691308134502769995e-05
1.636637324825051219e-03
-7.802680025340835972e-04
-8.659369126523923377e-04
1.059953022844079907e-03
-5.263202008065044971e-04
-4.784815426256178888e-04
1.642972485490693142e-03
1.553781963879714715e-03
-1.759149195204927579e-05
-1.239324616142068337e-03
-3.486160841907125587e-04
6.135436692286227447e-04
-6.851057838294749396e-04
-5.796675983046006652e-05
6.665065215542309877e-04
-5.320335140611512923e-04
-1.196399619033420561e-03
-1.042509819163465849e-04
3.930501139844335312e-04
-1.199286491960013237e-03
2.037011582836893849e-04
-1.177365045405022855e-04
-1.993544091723303303e-03
-4.614669214553608558e-04
1.065495089486441765e-03
1.011852901869812705e-03
-4.867565051800693530e-04
4.064240752954310335e-04
1.829212730025955250e-04
-1.065070599643084311e-03
4.296758948326835593e-04
1.536326430144330224e-04
3.335643728866525518e-04
7.519525125104768335e-04
-8.935402638599604787e-05
-5.381738669912024351e-04
-1.333505663525997404e-03
-8.291713503510634480e-04
1.010910716427721682e-03
5.818835576641943896e-04
-1.025203242888867577e-03
4.890714502234257003e-04
1.316000041864303586e-03
1.248655568914292186e-03
1.294504837589462122e-03
5.780036960980712221e-04
6.338467333687681409e-04
2.627843554721755767e-04
1.799893512189698966e-03
1.460463739249916008e-03
-8.801833098242753785e-04
-1.379531808982952272e-03
-1.520428842349361804e-03
-1.059793808133232054e-03
-2.132756450886091025e-03
-6.018251101948314009e-04
7.231815454982579335e-04
-3.904771515533136494e-04
1.585093147615969508e-04
-1.412532307906228055e-03
5.169601260207320548e-04
1.439539727136988521e-03
-1.831536534703500805e-03
-1.402755861991136560e-03
-9.631461183556411622e-04
7.013410178777433049e-04
1.529424053038696846e-03
6.578595551080727941e-04
7.727667800190248827e-04
-1.567185699559743431e-04
1.894910633099002289e-04
4.288229841226741759e-04
-3.860188638424414970e-04
3.707741899131290845e-05
-4.646938004720333479e-04
-1.844022676966790850e-03
-7.034072832588019082e-04
-4.849994014133057621e-04
-1.309158268313900982e-03
1.868594205829673732e-04
-7.572804991701383159e-04
-9.499932298601694147e-04
9.315518726121218554e-04
1.141962299113092423e-03
1.805151209247827680e-03
1.440910356423713134e-03
1.095041214728046264e-03
1.152570395643265442e-03
2.949302059045957793e-04
-3.939267063110289332e-04
2.835615240615134685e-04
5.923032864902801455e-04
-7.412401298050257754e-04
-1.631336345896122015e-03
-1.473977146678680282e-03
4.552853657669304042e-04
5.345931418239782164e-04
-3.973004383644432227e-04
3.977591971987060656e-06
-1.004077581888440131e-04
7.286661436303351570e-04
-1.742901715936977605e-04
-8.471559806329453327e-04
2.886154580021178806e-04
5.364043347618865963e-04
1.454264735295518734e-03
2.904232376981123130e-06
-6.438173623239605266e-04
6.024822758423836527e-04
-1.482679510773346997e-03
-1.574875444827881013e-03
6.176941677846077257e-04
1.600855921696756664e-03
1.305550087102620846e-03
8.441826779837424601e-04
4.404290740685124937e-04
-1.292681992741688502e-03
-8.679553037442083946e-04
2.165934854288583289e-04
-2.859497293079237543e-04
3.444602401584532830e-04
6.782297570167085702e-04
-7.806457170981935469e-05
-4.496059156738872482e-04
-3.199453060561085441e-04
1.278156474398022186e-04
-1.413877636880412139e-03
-1.393803338763754127e-03
1.071606041955232812e-03
-2.660130889006620961e-05
-5.996577090717801007e-04
-2.708129925827429895e-04
-6.375105363236353373e-04
-3.236713790490643649e-04
8.821870687102517509e-05
8.867730136908291933e-05
-4.687054469982280700e-04
1.014205669730350616e-03
9.216074011897547715e-04
-2.726942020095808042e-04
-9.684919507788656125e-04
-2.052845595857173688e-03
-1.015153145004444625e-03
1.060357099533298594e-04
1.715635431387449073e-05
-6.645352391631001920e-04
4.192246831775952210e-04
1.066956218846309761e-03
-9.429326131470662726e-04
2.341148874374170651e-04
1.579073105894462318e-03
3.301254165359798765e-04
5.194038120871710424e-04
9.883253336464600369e-04
1.249642004156300765e-03
1.755689792424642995e-03
1.836610007458377904e-03
6.357344548693099652e-04
-1.379141552194715207e-04
-5.496573969452092862e-04
-1.592113978763941458e-03
-1.295631230731156183e-03
-6.171021542044866515e-04
1.002864558896812957e-03
5.944895075369239666e-04
-3.380686897230344534e-04
5.586184225844671855e-04
-2.984495085866465400e-04
1.873215765920058823e-05
-3.192469274602888793e-04
-9.306492797198191117e-04
-2.044222004502330473e-04
-4.448423733677632280e-04
8.836487111475098107e-04
9.037110588577397757e-05
-1.765337357002623930e-03
-5.687609397581004081e-04
-5.030148446093378510e-04
-8.934010283487009299e-04
-3.735322397221329193e-04
-1.063706951146644908e-04
8.752388829938330785e-04
1.207812797408374522e-03
4.002593172935724696e-04
4.221534241681704582e-04
5.923837305819778729e-04
4.567946785507578499e-04
-2.211170600191120802e-04
-5.191903265045877923e-04
3.079086492554732979e-04
4.298289242698695076e-04
-3.009676250911384445e-05
-6.378282005849671534e-04
1.850556870425197956e-04
1.153600147556353272e-03
3.947612443495487162e-04
-5.383109181095861468e-04
-1.333761727152474449e-03
-1.104859708173006484e-03
-1.790071807704815641e-03
-9.390339124174804705e-04
4.343490456250656811e-04
-1.800893519797454019e-03
2.112268225815243394e-04
1.433886740985171760e-03
-9.854337043776572984e-04
4.399318134378615700e-04
-1.409131185997983824e-04
-7.717361039295959121e-04
9.590513988571453810e-04
-4.529521966170985342e-04
-6.137751582395654373e-04
1.053204297448047605e-03
2.133040442493327571e-04
-1.886797436056585758e-04
7.992399885857808190e-04
-3.005376328319435582e-04
-2.780514342788807853e-04
4.591746282472359913e-04
-4.403197913044480704e-04
9.221639187393120994e-04
7.978612467541601515e-04
-8.909737428278303702e-04
1.770852200179366524e-04
1.133879062574794701e-03
5.966332022010333198e-04
4.645517311507075826e-04
1.638526367508598381e-03
8.229955332556530443e-04
-4.613871515742202221e-05
1.474058192788746163e-04
-9.346948352840192716e-04
-1.240880662821467991e-04
-3.948528026586449057e-04
-5.282603016726600655e-04
5.773536544045033102e-04
-2.401927541105886108e-04
1.033954115304356870e-04
-3.557508507630255672e-04
2.374870479700716115e-04
1.346547156001688802e-03
-1.540059292669904243e-04
-5.352295856306951097e-04
-4.335102285661239963e-04
-3.788380371349745054e-04
2.991136597161993607e-04
1.697573281240865304e-04
-9.459993005385446737e-04
-3.232872758325304918e-04
-2.384676087263566939e-04
-1.282851780166086031e-03
1.775405842060751736e-06
1.336684097568647915e-03
2.040170053217688182e-04
-1.184332115916150556e-03
9.103109625438408803e-06
-1.792892420669843609e-04
-5.522070709453435469e-04
8.108516861244598661e-05
-1.540472548403649402e-04
7.337462565065184638e-04
9.586976887124083106e-05
-8.914355678726156767e-04
-4.166578083355414251e-04
-5.120593834961014633e-05
-1.197149861352089914e-03
-1.234301652099218521e-03
8.010599161496635267e-04
-1.635423052404782389e-04
-3.159242652454616416e-04
7.207742344813381895e-04
6.908411155316822923e-04
8.409167722091302278e-04
4.626235618865304054e-05
-5.310113982590388543e-05
-1.013833480659106085e-04
-1.076612655552877727e-04
3.912428384030781155e-04
2.922001621151811977e-04
-3.229457151123420015e-04
4.600055365791164640e-04
1.236503679244792264e-03
-7.963730267411426797e-04
-9.908164949195578594e-04
-1.202161948020299543e-05
2.212611769025754822e-04
3.992544719299130998e-04
-2.680937924198107140e-04
5.793720677755402615e-04
6.058928969592265300e-04
-5.009992048996110775e-04
-6.862586153978990908e-05
1.778939425458644834e-05
4.399483440176912971e-04
7.732741569437194236e-04
-1.878468321532065892e-04
1.231893695278848835e-04
1.272048004677929175e-04
-6.306821374653399231e-04
4.397894321230757663e-04
4.890697716428588386e-04
-2.268697822429008922e-04
-4.176990286997416934e-04
-9.916384466999916478e-04
-6.996484499053652216e-04
2.553484272965907110e-04
3.808223147695308144e-04
2.260817495339802576e-05
4.970787429927233086e-04
-3.035781896474162465e-05
-3.893459901532967359e-04
2.098269935532158352e-04
-6.539936996010379741e-04
-6.276432979869688619e-04
-2.765463621814340592e-04
-2.674858548032215647e-04
3.839593398673688549e-04
-1.845741081551415658e-04
-3.841928321759298880e-04
3.630392811567464354e-04
-1.819555956354521769e-04
-6.925548628253129979e-04
-2.183384135261831269e-04
-7.590648712499795461e-04
-3.869765251832039217e-04
3.523278530242984850e-04
-3.783453131425679574e-04
-2.851062261356501130e-04
-4.471234421875296561e-04
1.493168596193144020e-04
1.006031344741797721e-03
3.122625171119944461e-04
2.080990973093086154e-04
1.470112837982616167e-04
1.194471435737822244e-03
6.642224273305013995e-04
-7.815118847356004612e-04
3.940182817039220649e-04
2.162717256241574978e-04
5.852362939805049163e-05
5.973101331203457457e-05
-3.585360573996749221e-04
7.779078882393559730e-04
1.287916643114766797e-03
3.225551532640117021e-04
-9.676640390317204526e-05
4.412551697916393422e-05
-1.034355638705721381e-03
-6.125596359030284098e-04
5.417635020148314079e-04
-4.437765081395976204e-04
-4.449392158198940098e-04
-4.245672594768830571e-04
-6.764516594680716277e-04
9.242377974396907316e-04
1.232678360298005696e-03
5.920541331431016397e-04
1.490305837717791277e-04
-2.473210111444005600e-04
-2.726532253596286159e-04
-8.837645828054266307e-04
-8.983399540909312118e-04
-4.507627442505623343e-04
2.457791445686888405e-04
5.927965019348884358e-04
-3.157679333829690061e-04
-2.169644817334682389e-04
-8.376268019031199495e-05
-8.943516445935762588e-04
-3.986539831919854067e-04
-9.433664993432139473e-05
-3.631349677839917087e-04
6.502392700845342115e-04
1.074955295952363579e-03
7.904843460220771370e-04
5.410725000903283868e-04
-6.613677109745639974e-04
-1.079193669572863076e-03
5.505532287612086104e-04
9.672090201690277051e-04
-4.072240628583464876e-04
-2.992409384294938230e-04
-8.146401766590967409e-05
-2.459034931525831756e-04
-4.000935190676097692e-04
-9.123060085562422926e-04
-1.134222029981926092e-04
1.476385562922055087e-04
-6.977761924648345651e-05
1.720681251629391424e-04
-1.285320449281754838e-05
-1.373804421847084752e-06
-1.529373654421826349e-04
-2.544296826789981566e-04
1.103152552442656411e-04
4.256177634619501683e-04
1.389178044452619347e-04
-4.783635125664433235e-04
-5.564242953826807961e-04
-2.086680680594223711e-04
4.201492460889391894e-05
-1.303473092781164404e-04
1.857892051843856559e-04
7.780320809340064659e-04
1.164280847114823397e-04
-4.444411106768303399e-04
6.995934972791367952e-04
1.060408671361448736e-03
-8.371822094639857700e-04
-8.994621464460580409e-04
-1.181205166321901406e-04
-2.226240131986115982e-04
9.259893416572161908e-04
2.530663729450400093e-04
-6.186915487584298537e-04
8.383423140760946175e-05
4.565345019324879537e-04
8.085120209609496103e-04
6.250191869107387180e-04
-1.227047842782104457e-05
-1.100903323316681018e-03
-3.130760908155075890e-04
4.292726803681856380e-04
-3.848501349836915453e-04
3.158335859384027878e-04
6.620623142859823757e-04
-7.929007509494634214e-05
-3.639926812480144829e-04
2.175624459845029792e-07
2.029226647340137368e-05
-2.617268455341355943e-04
-3.138874029095254574e-04
-4.057498609814650043e-04
1.647324141765289915e-04
5.019922461659161433e-04
8.092779888065863717e-04
5.571126145615843631e-04
-8.555049224539480659e-04
-1.517079728340624744e-03
-1.065524726209931368e-03
1.697249542026130046e-04
-7.168998017059393822e-05
1.067395892132682055e-04
1.084832192039051095e-03
3.988554718087666861e-04
-3.566219639698838418e-04
-7.006945857625498713e-04
6.451386626556926494e-04
8.891898473555550535e-04
-4.308675404784193235e-04
3.787943174025504831e-04
3.904137767433522724e-05
-9.691457961144161765e-04
-4.985009150328555176e-05
-4.263903949094368729e-05
-8.123670860879203580e-04
-4.251098728591848992e-05
5.396879929204224892e-04
2.623727099753018848e-04
6.628099420014083986e-04
7.438215793156858959e-04
3.188200534712218488e-04
-4.146908859985076897e-04
-1.806661241494123568e-04
8.350182967658067871e-04
-3.940267331319695322e-04
-1.287712698145241155e-03
-7.148926963441962386e-04
-6.012418574126384731e-04
-5.925607855117496180e-04
-3.902673954819217564e-04
1.035085571145292994e-03
5.863120988491592927e-04
-3.387231442948699734e-04
9.736289065761231281e-04
3.459702806996421421e-05
-3.628266358710800863e-04
3.465679612886815673e-04
-8.422098482326114419e-04
-2.825062650248194953e-04
8.859821681650887357e-04
-4.467664005211316393e-04
-7.280274177985478342e-04
-2.974631031114468587e-05
-4.839876985277043880e-04
-2.333408059936069648e-04
-6.769591094841050311e-04
-5.283964851771682988e-05
1.064595687536968975e-03
-2.903374851987551922e-04
-2.739662021781774038e-05
5.119263829874587000e-04
1.950777404677610705e-04
6.037781357631256951e-04
4.217600777571506808e-04
4.253328714654510848e-05
-3.639486532244527793e-04
-8.222188175943392300e-04
-8.749191856935695059e-04
-1.395621231839888913e-04
6.204877353363884296e-04
3.175260468922848231e-05
-3.668749211519748451e-04
5.357921788314433560e-04
8.164091704972193525e-04
7.235772689420110642e-05
-1.711845138312480914e-04
6.690996436675509390e-04
7.268206827820597156e-04
-3.634407098911403679e-04
-1.373872651478651077e-04
2.668054766371693535e-04
3.312762691749877235e-04
6.981450677126979209e-04
5.878440383404320981e-05
-1.775665917068550224e-04
-1.666199345572505009e-04
-3.881420921752936140e-04
-1.244251229652885613e-04
-4.034103501047545288e-04
-2.517001460632956196e-04
1.183968669227050192e-04
1.744857095901766232e-04
5.642985954352032832e-04
4.058129616353419638e-04
-1.550240764833625562e-04
-6.484197993273354546e-04
-7.857941603196532017e-04
-2.959761562167551757e-04
3.810362701566925511e-04
2.885510087178633004e-04
3.123638053288718713e-06
9.469888642261991023e-05
-5.647568935881158540e-04
-7.268228279287343744e-04
-2.814643266386996365e-04
-4.701923615645306758e-04
-4.921198481980333574e-04
3.237972672043803297e-04
4.820445602833979592e-04
-7.983697601310772761e-04
-4.990719321746227765e-04
4.546664261368979585e-04
3.391901822965449485e-04
6.378784834095341163e-04
4.892410827459087175e-04
-8.915032199961428093e-05
-7.471405586813714618e-05
-3.333265696086809690e-04
-9.025489379355215464e-04
-8.503773199878433310e-04
-4.592098221780353167e-04
3.986494188641552180e-04
3.927506812757092735e-04
1.200685690180029665e-04
6.085666528569801201e-04
-2.932705054270569670e-04
-4.256415673267655215e-04
6.288298659643397522e-04
7.885073331218584716e-04
4.985078441937661371e-04
-4.352600027956113208e-04
-4.726273287100212113e-04
-5.852609854945202081e-05
3.650761198972561172e-04
9.546307040407743961e-04
2.906550035859987546e-04
-3.551873002791283034e-04
-7.587268850199683752e-04
-4.870772859029309267e-04
2.027815662725207318e-04
-1.952308864777585625e-04
-6.276576691613869438e-05
4.694747753212707249e-04
1.723257652698604214e-04
1.586106497110366810e-04
2.218652115003107725e-04
-2.170604003689822017e-05
-6.645575754435525907e-04
-3.899172120514110313e-04
5.581656538354282972e-04
5.166974689296062387e-06
-2.986732519195376984e-04
-2.827139818621631634e-04
2.059885950644389069e-05
3.403110944542496940e-04
-3.320911342403170662e-04
-1.691027478401989684e-04
4.154998491248237859e-04
6.324368203568958048e-04
1.591748927620231259e-04
-5.047387882266198434e-04
-2.639751082217348024e-04
-1.788810282394926506e-04
-4.687123799327353726e-04
-4.889491676339376798e-04
5.529826369322944759e-05
1.863785687436592207e-04
-2.437822875217760866e-04
-2.895523421254890127e-05
1.300285491786871408e-04
2.457232589217980562e-04
5.438692036415892616e-04
3.303665413085995757e-04
1.071747916450758553e-04
1.323557571917304747e-04
1.516140019802099436e-04
3.332173608802913804e-04
-2.732453179458116908e-04
-6.006110516149300218e-04
2.159930204852166219e-04
6.376142510623596744e-05
-1.388468593077374153e-06
4.742310227736671414e-05
-3.380606912264330242e-04
-2.746648983627387303e-04
-5.276793848498007641e-04
-1.325117077338854455e-04
5.877923420258574644e-04
6.517349367988064471e-04
1.790884279284851721e-04
-5.404624015951527659e-04
-7.317334860857581608e-04
-4.628120531061428555e-04
1.275317156818544736e-04
2.304218158734316348e-04
-1.227355652071945608e-04
-2.096637539244663832e-04
2.732033798539532706e-04
3.726562002641913701e-04
-9.028052773424884798e-05
-2.154214093638946801e-04
-1.599000170638695541e-05
5.136056638066077576e-04
8.845708297394445745e-05
-1.164251182188686518e-04
1.894401711838852387e-04
-3.966693455708468334e-04
-5.140737069995155410e-05
2.713989743648383308e-04
2.881032648572524522e-05
2.600281562028416071e-04
1.985614782004979835e-04
1.113410904180993485e-04
-2.749104479602515840e-04
-5.427116691593846702e-04
-7.076326767523205010e-05
-1.707873191117737790e-04
1.559512307676793100e-04
3.754987717541342744e-04
-5.466579071877644518e-04
-3.541000065790076172e-04
-1.595317361450109711e-04
-4.393147612166786687e-04
-1.462579253305877668e-04
-2.160036038537029468e-04
2.902905043528996817e-04
5.115961647968128188e-04
-2.433344291770294168e-04
2.504093945110924893e-05
2.337030166759149436e-04
7.403861347275567974e-05
-5.691089409175048125e-05
-5.588090092749754909e-04
-2.320314417369689452e-04
-1.325296582957215545e-04
-5.054382442630778443e-04
-1.934757225884156976e-04
-1.129461951736909287e-04
1.000788879804096073e-04
6.636586714666443520e-04
4.138567184115391233e-04
2.461435409387576455e-04
3.429353440856726561e-04
-1.016412235941998210e-04
2.045109540347970502e-04
3.262519848381175282e-04
3.826883769457115211e-04
5.606668530232074375e-04
-2.679412070151257464e-04
1.808679805140297933e-06
8.231266261654471630e-06
-4.379743134438232426e-04
1.556872980958544264e-05
-4.936644436727614482e-05
-1.407067191020519570e-04
2.068604161211687537e-04
5.240676139449528957e-05
-2.489418869522460514e-04
1.142045419768883966e-04
-1.019350729922441313e-04
-1.486855455374150911e-04
1.051704826555173574e-04
-9.056799230641194166e-05
2.951603099262498520e-04
-2.875168568534426671e-04
-7.024013612129619520e-04
2.054062575364066340e-04
1.195167954265099087e-04
-2.995340344642155616e-04
-3.265179293337468436e-05
2.841606328543847719e-04
-5.196889497021210376e-05
-3.192855053750069693e-04
8.044831063258803803e-05
1.520387804189020928e-04
-4.186796967808505002e-04
-7.304231686127867201e-04
-7.362547042865277944e-05
2.351959987962199934e-04
1.549872186955535678e-04
2.542794019783906740e-04
1.839783247728724470e-04
1.153657082980322907e-04
-2.204046560672976015e-04
-4.283278734646077650e-04
-3.029433423509900213e-04
5.342671162455711923e-05
1.418949071836340882e-04
-2.691550786622188155e-05
-2.069415093071779572e-05
-5.294416777207285648e-04
-4.941398693478531385e-04
2.420099731738549573e-04
2.436800291022591747e-04
2.278041736286196635e-04
3.217487387698166534e-04
-1.654342230953265299e-04
-3.542358435712522386e-04
2.126305220289433869e-06
-4.093925602969798733e-06
6.390579470129402386e-04
7.436160208172254427e-04
-2.229782229228734441e-04
3.116327049634404342e-04
9.125178947698846005e-05
-2.676492255411605753e-04
3.247173916572961417e-04
-1.758986512532248394e-04
6.324180668061184869e-05
1.915150974696982046e-05
-5.289430551882134767e-05
1.975327486505821389e-04
-5.610793997682156278e-04
-7.387771747921770477e-05
3.502839119862537751e-04
9.649320534672765827e-05
2.427980427447919609e-04
-1.188812707833189029e-05
-2.034847251591180345e-04
5.806689669012320447e-05
-3.890165355797575627e-05
-4.356402326547881179e-04
-1.745190616102307659e-04
-2.908531398138144313e-04
-3.366110984169023469e-04
-4.263513801862207193e-05
-3.391052844177320147e-04
2.413101487908225637e-05
5.817134525127390230e-05
-6.122233397824385504e-05
4.478234478193403377e-04
2.090291744168730958e-04
2.562751512667580528e-04
-4.285083510603307224e-06
-5.405633424460071874e-04
-2.866036864247038817e-04
-4.527155807125945661e-04
-1.027494972098139722e-04
3.022261663958561895e-04
-9.459072729253595671e-05
-1.196705664795863001e-04
8.311924567705331469e-05
2.277042830014376195e-04
2.553544379209759119e-04
1.050419581937843942e-04
8.939937642452188576e-05
1.930069091122332088e-04
-4.712499665464962959e-05
-2.561417421608424790e-04
-2.877666374459238001e-04
-2.052324679178560895e-04
3.577414493600292915e-04
4.360533596958425496e-04
6.558484291844911144e-05
-5.444369973554905837e-05
-1.572625773472933252e-05
-5.941264726880393686e-05
-2.719498718882860239e-04
-1.110781968821074691e-04
-3.889050567637549827e-04
-2.102622019351328816e-04
5.312801094720603998e-04
4.683668515909072152e-05
-1.002255133977669635e-04
-5.539834213697601814e-05
-2.569283955976886850e-04
2.379596066588775824e-04
2.696524527514862035e-04
8.643745862510455406e-05
-3.935020552061800826e-05
-5.037177462591451793e-04
-4.624381238804299143e-04
-2.055910044432751518e-04
-2.185724128337346122e-04
1.442456598619922350e-04
4.890523819023434278e-04
2.129873388809334727e-04
2.089919368435274834e-04
3.931646849397084039e-04
-5.972595194330050807e-05
-2.493616013725537240e-04
-2.603802406507994154e-04
-3.455656567035767066e-04
-6.645232809331515049e-05
-9.061225577924716717e-05
1.778509215315241443e-04
1.651948738712989088e-04
-3.973535598110662930e-04
9.676015181611438286e-05
3.413034629448421782e-04
1.348800490794849519e-04
1.724997681792588943e-04
-3.618620109710433139e-04
-3.454407397104007605e-04
1.640577842870329735e-04
-1.295978610104663538e-05
1.016766399642332250e-04
2.573348909957412847e-04
1.232070814105395117e-04
1.325683955333285311e-05
-3.894855021406929741e-04
-1.643869220467492087e-04
-1.844799759505377312e-05
-2.255144910720949713e-04
1.714627146550446075e-04
4.183142669359049461e-04
2.324773391765969414e-04
-2.029797676531553395e-05
-4.922214735772373101e-05
1.941623500753182640e-04
3.181975411163653011e-04
1.092609424780907634e-04
1.092706444397492475e-04
-1.227124746409451929e-05
-3.048161290795821637e-04
-8.383247296133655116e-05
-3.907791802654557271e-04
-3.849962524807136618e-04
1.326735942161088352e-04
7.780251945261605119e-05
3.181439775909998026e-04
2.265209104180166300e-04
-1.848487637036711471e-04
-1.790056152804865922e-04
-2.122898620063243659e-04
-1.230561052864914111e-05
-9.385663356364064161e-05
-2.149092125898178997e-04
2.427658489519566502e-04
-5.818642135118436604e-05
-3.796010925143547109e-04
-2.104862566855683528e-04
-4.655755738095489486e-04
-1.397270163702660087e-04
2.564453910918980178e-04
5.176374298004619894e-05
-7.510773329601926800e-05
2.547840946572630852e-05
1.567404561054097547e-04
-2.561427510094959671e-04
-1.320994152444481711e-04
3.503787480160157580e-04
-1.820699567245211202e-04
-5.326809710779729186e-04
-1.260911530378491265e-04
1.660187763832701008e-04
-1.215341484024595568e-04
-5.545356265185290349e-05
5.351014735253122620e-05
-2.529776618958096330e-04
1.401774474742741700e-04
3.229039700260362563e-04
-1.786332413753963504e-04
-1.808831903887883218e-04
1.897625260406900964e-04
-1.102459820942081211e-04
-3.252296969592806657e-04
-8.273630118098780197e-06
5.928484025882193665e-05
3.127869941061763481e-04
2.377474246260147554e-04
1.013987327039749469e-04
1.990047472716750343e-04
-9.510485261475649617e-05
2.303390752651515922e-04
1.357907447930196292e-04
-3.873774731550413530e-04
2.444164148828124506e-05
3.062121007245491322e-04
3.037672813389769976e-04
1.840493488247796751e-04
4.040382222085419956e-05
1.275313591096542405e-04
1.891486877489246903e-04
5.127253999359066114e-05
-2.894581975237290141e-04
-2.186917914899513219e-04
-2.522878395113401298e-04
-2.048219841603880547e-04
4.495723229513359461e-04
2.576988179430398491e-04
-1.577079572086421695e-04
1.355572587767525389e-04
2.697666444923163185e-05
-2.047404771274739723e-04
1.189226404209931844e-04
9.394148567635270553e-05
-1.133228070613096655e-04
-3.723943506462313560e-05
-2.805428106228615315e-04
-2.135249680750420694e-04
4.401644535087649747e-05
-1.386973238021782301e-04
-1.447776374320015912e-04
-1.186525560802516581e-04
8.857242776286163640e-05
3.070650675119164421e-04
-1.122401220849836116e-04
