-50.0 70.0 18.1
-50.0 75.0 17.6
-50.0 80.0 17.6
-50.0 85.0 17.9
-50.0 90.0 18.7
-50.0 95.0 20.1
-50.0 100.0 22.0
-50.0 105.0 24.9
-50.0 110.0 28.8
-50.0 115.0 34.2
-45.0 70.0 17.9
-45.0 75.0 17.5
-45.0 80.0 17.6
-45.0 85.0 18.0
-45.0 90.0 18.8
-45.0 95.0 20.2
-45.0 100.0 22.4
-45.0 105.0 25.8
-45.0 110.0 29.7
-45.0 115.0 35.5
-40.0 70.0 17.8
-40.0 75.0 17.4
-40.0 80.0 17.6
-40.0 85.0 17.9
-40.0 90.0 19.0
-40.0 95.0 20.7
-40.0 100.0 23.1
-40.0 105.0 26.7
-40.0 110.0 31.3
-40.0 115.0 36.8
-35.0 70.0 17.7
-35.0 75.0 17.5
-35.0 80.0 17.4
-35.0 85.0 18.1
-35.0 90.0 19.3
-35.0 95.0 20.9
-35.0 100.0 23.6
-35.0 105.0 27.8
-35.0 110.0 32.4
-35.0 115.0 38.5
-30.0 70.0 17.5
-30.0 75.0 17.3
-30.0 80.0 17.6
-30.0 85.0 18.2
-30.0 90.0 19.4
-30.0 95.0 21.5
-30.0 100.0 24.6
-30.0 105.0 28.8
-30.0 110.0 33.8
-30.0 115.0 40.2
-25.0 70.0 17.5
-25.0 75.0 17.3
-25.0 80.0 17.7
-25.0 85.0 18.4
-25.0 90.0 19.8
-25.0 95.0 22.2
-25.0 100.0 25.3
-25.0 105.0 29.7
-25.0 110.0 35.1
-25.0 115.0 42.3
-20.0 70.0 17.4
-20.0 75.0 17.4
-20.0 80.0 17.7
-20.0 85.0 18.6
-20.0 90.0 20.2
-20.0 95.0 22.9
-20.0 100.0 26.5
-20.0 105.0 30.8
-20.0 110.0 37.2
-20.0 115.0 44.4
-15.0 70.0 17.4
-15.0 75.0 17.4
-15.0 80.0 17.8
-15.0 85.0 18.7
-15.0 90.0 20.4
-15.0 95.0 23.5
-15.0 100.0 27.3
-15.0 105.0 32.2
-15.0 110.0 39.0
-15.0 115.0 47.1
-10.0 70.0 17.4
-10.0 75.0 17.4
-10.0 80.0 18.1
-10.0 85.0 19.0
-10.0 90.0 21.2
-10.0 95.0 24.2
-10.0 100.0 28.2
-10.0 105.0 33.7
-10.0 110.0 40.8
-10.0 115.0 48.9
-5.0 70.0 17.4
-5.0 75.0 17.5
-5.0 80.0 18.2
-5.0 85.0 19.3
-5.0 90.0 21.7
-5.0 95.0 25.0
-5.0 100.0 29.8
-5.0 105.0 35.2
-5.0 110.0 42.7
-5.0 115.0 51.0
