60.0 0.0 21.7
60.0 -10.0 21.8
60.0 -20.0 21.9
60.0 -30.0 22.2
60.0 -40.0 22.5
60.0 -50.0 23.0

66.6666666667 0.0 20.8
66.6666666667 -10.0 20.8
66.6666666667 -20.0 20.9
66.6666666667 -30.0 21.2
66.6666666667 -40.0 21.6
66.6666666667 -50.0 21.8

73.3333333333 0.0 20.2
73.3333333333 -10.0 20.2
73.3333333333 -20.0 20.2
73.3333333333 -30.0 20.3
73.3333333333 -40.0 20.5
73.3333333333 -50.0 21.0

80.0 0.0 19.7
80.0 -10.0 19.6
80.0 -20.0 19.6
80.0 -30.0 19.7
80.0 -40.0 19.9
80.0 -50.0 20.2

86.6666666667 0.0 19.6
86.6666666667 -10.0 19.5
86.6666666667 -20.0 19.4
86.6666666667 -30.0 19.4
86.6666666667 -40.0 19.5
86.6666666667 -50.0 19.8

93.3333333333 0.0 19.7
93.3333333333 -10.0 19.5
93.3333333333 -20.0 19.5
93.3333333333 -30.0 19.4
93.3333333333 -40.0 19.4
93.3333333333 -50.0 19.5

100.0 0.0 19.8
100.0 -10.0 19.8
100.0 -20.0 19.6
100.0 -30.0 19.5
100.0 -40.0 19.5
100.0 -50.0 19.5
